time,Speed1,Speed2,x1,x2,100.0,150.0,75.0
0.025,15.0,-35.0,0.375,99.125
0.05,15.0,-35.0,0.75,98.25
0.075,15.0,-35.0,1.125,97.375
0.1,15.0,-35.0,1.5,96.5
0.125,15.0,-35.0,1.875,95.625
0.15,15.0,-35.0,2.25,94.75
0.175,15.0,-35.0,2.625,93.875
0.2,15.0,-35.0,3.0,93.0
0.225,15.0,-35.0,3.375,92.125
0.25,15.0,-35.0,3.75,91.25
0.275,15.0,-35.0,4.125,90.375
0.3,15.0,-35.0,4.5,89.5
0.325,15.0,-35.0,4.875,88.625
0.35,15.0,-35.0,5.25,87.75
0.375,15.0,-35.0,5.625,86.875
0.4,15.0,-35.0,6.0,86.0
0.425,15.0,-35.0,6.375,85.125
0.45,15.0,-35.0,6.75,84.25
0.475,15.0,-35.0,7.125,83.375
0.5,15.0,-35.0,7.5,82.5
0.525,15.0,-35.0,7.875,81.625
0.55,15.0,-35.0,8.25,80.75
0.575,15.0,-35.0,8.625,79.875
0.6,15.0,-35.0,9.0,79.0
0.625,15.0,-35.0,9.375,78.125
0.65,15.0,-35.0,9.75,77.25
0.675,15.0,-35.0,10.125,76.375
0.7,15.0,-35.0,10.5,75.5
0.725,15.0,-35.0,10.875,74.625
0.75,15.0,-35.0,11.25,73.75
0.775,15.0,-35.0,11.625,72.875
0.8,15.0,-35.0,12.0,72.0
0.825,15.0,-35.0,12.375,71.125
0.85,15.0,-35.0,12.75,70.25
0.875,15.0,-35.0,13.125,69.375
0.9,15.0,-35.0,13.5,68.5
0.925,15.0,-35.0,13.875,67.625
0.95,15.0,-35.0,14.25,66.75
0.975,15.0,-35.0,14.625,65.875
1.0,15.0,-35.0,15.0,65.0
1.025,15.0,-35.0,15.375,64.125
1.05,15.0,-35.0,15.75,63.25
1.075,15.0,-35.0,16.125,62.375
1.1,15.0,-35.0,16.5,61.5
1.125,15.0,-35.0,16.875,60.625
1.15,15.0,-35.0,17.25,59.75
1.175,15.0,-35.0,17.625,58.875
1.2,15.0,-35.0,18.0,58.0
1.225,15.0,-35.0,18.375,57.125
1.25,15.0,-35.0,18.75,56.25
1.275,15.0,-35.0,19.125,55.375
1.3,15.0,-35.0,19.5,54.5
1.325,15.0,-35.0,19.875,53.625
1.35,15.0,-35.0,20.25,52.75
1.375,15.0,-35.0,20.625,51.875
1.4,15.0,-35.0,21.0,51.0
1.425,15.0,-35.0,21.375,50.125
1.45,15.0,-35.0,21.75,49.25
1.475,15.0,-35.0,22.125,48.375
1.5,15.0,-35.0,22.5,47.5
1.525,15.0,-35.0,22.875,46.625
1.55,15.0,-35.0,23.25,45.75
1.575,15.0,-35.0,23.625,44.875
1.6,15.0,-35.0,24.0,44.0
1.625,15.0,-35.0,24.375,43.125
1.65,15.0,-35.0,24.75,42.25
1.675,15.0,-35.0,25.125,41.375
1.7,15.0,-35.0,25.5,40.5
1.725,15.0,-35.0,25.875,39.625
1.75,15.0,-35.0,26.25,38.75
1.775,15.0,-35.0,26.625,37.875
1.8,15.0,-35.0,27.0,37.0
1.825,15.0,-35.0,27.375,36.125
1.85,15.0,-35.0,27.75,35.25
1.875,15.0,-35.0,28.125,34.375
1.9,15.0,-35.0,28.5,33.5
1.925,15.0,-35.0,28.875,32.625
1.95,15.0,-35.0,29.25,31.75
1.975,15.0,-35.0,29.625,30.875
2.0,-17.22222,-17.22222,30.0,30.0
2.025,-17.22222,-17.22222,29.56944,29.56944
2.05,-17.22222,-17.22222,29.13888,29.13888
2.075,-17.22222,-17.22222,28.70832,28.70832
2.1,-17.22222,-17.22222,28.27776,28.27776
2.125,-17.22222,-17.22222,27.8472,27.8472
2.15,-17.22222,-17.22222,27.41664,27.41664
2.175,-17.22222,-17.22222,26.98608,26.98608
2.2,-17.22222,-17.22222,26.55552,26.55552
2.225,-17.22222,-17.22222,26.12496,26.12496
2.25,-17.22222,-17.22222,25.6944,25.6944
2.275,-17.22222,-17.22222,25.26384,25.26384
2.3,-17.22222,-17.22222,24.83328,24.83328
2.325,-17.22222,-17.22222,24.40272,24.40272
2.35,-17.22222,-17.22222,23.97216,23.97216
2.375,-17.22222,-17.22222,23.5416,23.5416
2.4,-17.22222,-17.22222,23.11104,23.11104
2.425,-17.22222,-17.22222,22.68048,22.68048
2.45,-17.22222,-17.22222,22.24992,22.24992
2.475,-17.22222,-17.22222,21.81936,21.81936
2.5,-17.22222,-17.22222,21.3888,21.3888
2.525,-17.22222,-17.22222,20.95824,20.95824
2.55,-17.22222,-17.22222,20.52768,20.52768
2.575,-17.22222,-17.22222,20.09712,20.09712
2.6,-17.22222,-17.22222,19.66656,19.66656
2.625,-17.22222,-17.22222,19.236,19.236
2.65,-17.22222,-17.22222,18.80544,18.80544
2.675,-17.22222,-17.22222,18.37488,18.37488
2.7,-17.22222,-17.22222,17.94432,17.94432
2.725,-17.22222,-17.22222,17.51376,17.51376
2.75,-17.22222,-17.22222,17.0832,17.0832
2.775,-17.22222,-17.22222,16.65264,16.65264
2.8,-17.22222,-17.22222,16.22208,16.22208
2.825,-17.22222,-17.22222,15.79152,15.79152
2.85,-17.22222,-17.22222,15.36096,15.36096
2.875,-17.22222,-17.22222,14.9304,14.9304
2.9,-17.22222,-17.22222,14.49984,14.49984
2.925,-17.22222,-17.22222,14.06928,14.06928
2.95,-17.22222,-17.22222,13.63872,13.63872
2.975,-17.22222,-17.22222,13.20816,13.20816
3.0,-17.22222,-17.22222,12.7776,12.7776
3.025,-17.22222,-17.22222,12.34704,12.34704
3.05,-17.22222,-17.22222,11.91648,11.91648
3.075,-17.22222,-17.22222,11.48592,11.48592
3.1,-17.22222,-17.22222,11.05536,11.05536
3.125,-17.22222,-17.22222,10.6248,10.6248
3.15,-17.22222,-17.22222,10.19424,10.19424
3.175,-17.22222,-17.22222,9.76368,9.76368
3.2,-17.22222,-17.22222,9.33312,9.33312
3.225,-17.22222,-17.22222,8.90256,8.90256
3.25,-17.22222,-17.22222,8.472,8.472
3.275,-17.22222,-17.22222,8.04144,8.04144
3.3,-17.22222,-17.22222,7.61088,7.61088
3.325,-17.22222,-17.22222,7.18032,7.18032
3.35,-17.22222,-17.22222,6.74976,6.74976
3.375,-17.22222,-17.22222,6.3192,6.3192
3.4,-17.22222,-17.22222,5.88864,5.88864
3.425,-17.22222,-17.22222,5.45808,5.45808
3.45,-17.22222,-17.22222,5.02752,5.02752
3.475,-17.22222,-17.22222,4.59696,4.59696
3.5,-17.22222,-17.22222,4.1664,4.1664
3.525,-17.22222,-17.22222,3.73584,3.73584
3.55,-17.22222,-17.22222,3.30528,3.30528
3.575,-17.22222,-17.22222,2.87472,2.87472
3.6,-17.22222,-17.22222,2.44416,2.44416
3.625,-17.22222,-17.22222,2.0136,2.0136
3.65,-17.22222,-17.22222,1.58304,1.58304
3.675,-17.22222,-17.22222,1.15248,1.15248
3.7,-17.22222,-17.22222,0.72192,0.72192
3.725,-17.22222,-17.22222,0.29136,0.29136
3.75,-17.22222,-17.22222,-0.1392,-0.1392
3.775,-17.22222,-17.22222,-0.56976,-0.56976
3.8,-17.22222,-17.22222,-1.00032,-1.00032
3.825,-17.22222,-17.22222,-1.43088,-1.43088
3.85,-17.22222,-17.22222,-1.86144,-1.86144
3.875,-17.22222,-17.22222,-2.292,-2.292
3.9,-17.22222,-17.22222,-2.72256,-2.72256
3.925,-17.22222,-17.22222,-3.15312,-3.15312
3.95,-17.22222,-17.22222,-3.58368,-3.58368
3.975,-17.22222,-17.22222,-4.01424,-4.01424
4.0,-17.22222,-17.22222,-4.4448,-4.4448
4.025,-17.22222,-17.22222,-4.87536,-4.87536
4.05,-17.22222,-17.22222,-5.30592,-5.30592
4.075,-17.22222,-17.22222,-5.73648,-5.73648
4.1,-17.22222,-17.22222,-6.16704,-6.16704
4.125,-17.22222,-17.22222,-6.5976,-6.5976
4.15,-17.22222,-17.22222,-7.02816,-7.02816
4.175,-17.22222,-17.22222,-7.45872,-7.45872
4.2,-17.22222,-17.22222,-7.88928,-7.88928
4.225,-17.22222,-17.22222,-8.31984,-8.31984
4.25,-17.22222,-17.22222,-8.7504,-8.7504
4.275,-17.22222,-17.22222,-9.18096,-9.18096
4.3,-17.22222,-17.22222,-9.61152,-9.61152
4.325,-17.22222,-17.22222,-10.04208,-10.04208
4.35,-17.22222,-17.22222,-10.47264,-10.47264
4.375,-17.22222,-17.22222,-10.9032,-10.9032
4.4,-17.22222,-17.22222,-11.33376,-11.33376
4.425,-17.22222,-17.22222,-11.76432,-11.76432
4.45,-17.22222,-17.22222,-12.19488,-12.19488
4.475,-17.22222,-17.22222,-12.62544,-12.62544
4.5,-17.22222,-17.22222,-13.056,-13.056
4.525,-17.22222,-17.22222,-13.48656,-13.48656
4.55,-17.22222,-17.22222,-13.91712,-13.91712
4.575,-17.22222,-17.22222,-14.34768,-14.34768
4.6,-17.22222,-17.22222,-14.77824,-14.77824
4.625,-17.22222,-17.22222,-15.2088,-15.2088
4.65,-17.22222,-17.22222,-15.63936,-15.63936
4.675,-17.22222,-17.22222,-16.06992,-16.06992
4.7,-17.22222,-17.22222,-16.50048,-16.50048
4.725,-17.22222,-17.22222,-16.93104,-16.93104
4.75,-17.22222,-17.22222,-17.3616,-17.3616
4.775,-17.22222,-17.22222,-17.79216,-17.79216
4.8,-17.22222,-17.22222,-18.22272,-18.22272
4.825,-17.22222,-17.22222,-18.65328,-18.65328
4.85,-17.22222,-17.22222,-19.08384,-19.08384
4.875,-17.22222,-17.22222,-19.5144,-19.5144
4.9,-17.22222,-17.22222,-19.94496,-19.94496
4.925,-17.22222,-17.22222,-20.37552,-20.37552
4.95,-17.22222,-17.22222,-20.80608,-20.80608
4.975,-17.22222,-17.22222,-21.23664,-21.23664
5.0,-17.22222,-17.22222,-21.6672,-21.6672
