elapsedtime,totalvelocity,forwardvelocity,fallvelocity,height,distance
0.025,26.0,24.95,0.2,99.9975,0.62375
0.05,26.0,24.9,0.4,99.99,1.24625
0.075,26.0,24.85,0.6,99.9775,1.8675
0.1,26.0,24.8,0.8,99.96,2.4875
0.125,26.0,24.75,1.0,99.9375,3.10625
0.15,26.0,24.7,1.2,99.91,3.72375
0.175,26.0,24.65,1.4,99.8775,4.34
0.2,26.0,24.6,1.6,99.84,4.955
0.225,26.0,24.55,1.8,99.7975,5.56875
0.25,26.0,24.5,2.0,99.75,6.18125
0.275,26.0,24.45,2.2,99.6975,6.7925
0.3,26.0,24.4,2.4,99.64,7.4025
0.325,26.0,24.35,2.6,99.5775,8.01125
0.35,26.0,24.3,2.8,99.51,8.61875
0.375,26.0,24.25,3.0,99.4375,9.225
0.4,26.0,24.2,3.2,99.36,9.83
0.425,26.0,24.15,3.4,99.2775,10.43375
0.45,26.0,24.1,3.6,99.19,11.03625
0.475,26.0,24.05,3.8,99.0975,11.6375
0.5,26.0,24.0,4.0,99.0,12.2375
0.525,26.0,23.95,4.2,98.8975,12.83625
0.55,26.0,23.9,4.4,98.79,13.43375
0.575,26.0,23.85,4.6,98.6775,14.03
0.6,26.0,23.8,4.8,98.56,14.625
0.625,26.0,23.75,5.0,98.4375,15.21875
0.65,26.0,23.7,5.2,98.31,15.81125
0.675,26.0,23.65,5.4,98.1775,16.4025
0.7,26.0,23.6,5.6,98.04,16.9925
0.725,26.0,23.55,5.8,97.8975,17.58125
0.75,26.0,23.5,6.0,97.75,18.16875
0.775,26.0,23.45,6.2,97.5975,18.755
0.8,26.0,23.4,6.4,97.44,19.34
0.825,26.0,23.35,6.6,97.2775,19.92375
0.85,26.0,23.3,6.8,97.11,20.50625
0.875,26.0,23.25,7.0,96.9375,21.0875
0.9,26.0,23.2,7.2,96.76,21.6675
0.925,26.0,23.15,7.4,96.5775,22.24625
0.95,26.0,23.1,7.6,96.39,22.82375
0.975,26.0,23.05,7.8,96.1975,23.4
1.0,26.0,23.0,8.0,96.0,23.975
1.025,26.0,22.95,8.2,95.7975,24.54875
1.05,26.0,22.9,8.4,95.59,25.12125
1.075,26.0,22.85,8.6,95.3775,25.6925
1.1,26.0,22.8,8.8,95.16,26.2625
1.125,26.0,22.75,9.0,94.9375,26.83125
1.15,26.0,22.7,9.2,94.71,27.39875
1.175,26.0,22.65,9.4,94.4775,27.965
1.2,26.0,22.6,9.6,94.24,28.53
1.225,26.0,22.55,9.8,93.9975,29.09375
1.25,26.0,22.5,10.0,93.75,29.65625
1.275,26.0,22.45,10.2,93.4975,30.2175
1.3,26.0,22.4,10.4,93.24,30.7775
1.325,26.0,22.35,10.6,92.9775,31.33625
1.35,26.0,22.3,10.8,92.71,31.89375
1.375,26.0,22.25,11.0,92.4375,32.45
1.4,26.0,22.2,11.2,92.16,33.005
1.425,26.0,22.15,11.4,91.8775,33.55875
1.45,26.0,22.1,11.6,91.59,34.11125
1.475,26.0,22.05,11.8,91.2975,34.6625
1.5,26.0,22.0,12.0,91.0,35.2125
1.525,26.0,21.95,12.2,90.6975,35.76125
1.55,26.0,21.9,12.4,90.39,36.30875
1.575,26.0,21.85,12.6,90.0775,36.855
1.6,26.0,21.8,12.8,89.76,37.4
1.625,26.0,21.75,13.0,89.4375,37.94375
1.65,26.0,21.7,13.2,89.11,38.48625
1.675,26.0,21.65,13.4,88.7775,39.0275
1.7,26.0,21.6,13.6,88.44,39.5675
1.725,26.0,21.55,13.8,88.0975,40.10625
1.75,26.0,21.5,14.0,87.75,40.64375
1.775,26.0,21.45,14.2,87.3975,41.18
1.8,26.0,21.4,14.4,87.04,41.715
1.825,26.0,21.35,14.6,86.6775,42.24875
1.85,26.0,21.3,14.8,86.31,42.78125
1.875,26.0,21.25,15.0,85.9375,43.3125
1.9,26.0,21.2,15.2,85.56,43.8425
1.925,26.0,21.15,15.4,85.1775,44.37125
1.95,26.0,21.1,15.6,84.79,44.89875
1.975,26.0,21.05,15.8,84.3975,45.425
2.0,26.0,21.0,16.0,84.0,45.95
2.025,26.0,20.95,16.2,83.5975,46.47375
2.05,26.0,20.9,16.4,83.19,46.99625
2.075,26.0,20.85,16.6,82.7775,47.5175
2.1,26.0,20.8,16.8,82.36,48.0375
2.125,26.0,20.75,17.0,81.9375,48.55625
2.15,26.0,20.7,17.2,81.51,49.07375
2.175,26.0,20.65,17.4,81.0775,49.59
2.2,26.0,20.6,17.6,80.64,50.105
2.225,26.0,20.55,17.8,80.1975,50.61875
2.25,26.0,20.5,18.0,79.75,51.13125
2.275,26.0,20.45,18.2,79.2975,51.6425
2.3,26.0,20.4,18.4,78.84,52.1525
2.325,26.0,20.35,18.6,78.3775,52.66125
2.35,26.0,20.3,18.8,77.91,53.16875
2.375,26.0,20.25,19.0,77.4375,53.675
2.4,26.0,20.2,19.2,76.96,54.18
2.425,26.0,20.15,19.4,76.4775,54.68375
2.45,26.0,20.1,19.6,75.99,55.18625
2.475,26.0,20.05,19.8,75.4975,55.6875
2.5,26.0,20.0,20.0,75.0,56.1875
2.525,26.0,19.95,20.2,74.4975,56.68625
2.55,26.0,19.9,20.4,73.99,57.18375
2.575,26.0,19.85,20.6,73.4775,57.68
2.6,26.0,19.8,20.8,72.96,58.175
2.625,26.0,19.75,21.0,72.4375,58.66875
2.65,26.0,19.7,21.2,71.91,59.16125
2.675,26.0,19.65,21.4,71.3775,59.6525
2.7,26.0,19.6,21.6,70.84,60.1425
2.725,26.0,19.55,21.8,70.2975,60.63125
2.75,26.0,19.5,22.0,69.75,61.11875
2.775,26.0,19.45,22.2,69.1975,61.605
2.8,26.0,19.4,22.4,68.64,62.09
2.825,26.0,19.35,22.6,68.0775,62.57375
2.85,26.0,19.3,22.8,67.51,63.05625
2.875,26.0,19.25,23.0,66.9375,63.5375
2.9,26.0,19.2,23.2,66.36,64.0175
2.925,26.0,19.15,23.4,65.7775,64.49625
2.95,26.0,19.1,23.6,65.19,64.97375
2.975,26.0,19.05,23.8,64.5975,65.45
3.0,26.0,19.0,24.0,64.0,65.925
3.025,26.0,18.95,24.2,63.3975,66.39875
3.05,26.0,18.9,24.4,62.79,66.87125
3.075,26.0,18.85,24.6,62.1775,67.3425
3.1,26.0,18.8,24.8,61.56,67.8125
3.125,26.0,18.75,25.0,60.9375,68.28125
3.15,26.0,18.7,25.2,60.31,68.74875
3.175,26.0,18.65,25.4,59.6775,69.215
3.2,26.0,18.6,25.6,59.04,69.68
3.225,26.0,18.55,25.8,58.3975,70.14375
3.25,26.0,18.5,26.0,57.75,70.60625
3.275,26.0,18.45,26.2,57.0975,71.0675
3.3,26.0,18.4,26.4,56.44,71.5275
3.325,26.0,18.35,26.6,55.7775,71.98625
3.35,26.0,18.3,26.8,55.11,72.44375
3.375,26.0,18.25,27.0,54.4375,72.9
3.4,26.0,18.2,27.2,53.76,73.355
3.425,26.0,18.15,27.4,53.0775,73.80875
3.45,26.0,18.1,27.6,52.39,74.26125
3.475,26.0,18.05,27.8,51.6975,74.7125
3.5,26.0,18.0,28.0,51.0,75.1625
3.525,26.0,17.95,28.2,50.2975,75.61125
3.55,26.0,17.9,28.4,49.59,76.05875
3.575,26.0,17.85,28.6,48.8775,76.505
3.6,26.0,17.8,28.8,48.16,76.95
3.625,26.0,17.75,29.0,47.4375,77.39375
3.65,26.0,17.7,29.2,46.71,77.83625
3.675,26.0,17.65,29.4,45.9775,78.2775
3.7,26.0,17.6,29.6,45.24,78.7175
3.725,26.0,17.55,29.8,44.4975,79.15625
3.75,26.0,17.5,30.0,43.75,79.59375
3.775,26.0,17.45,30.2,42.9975,80.03
3.8,26.0,17.4,30.4,42.24,80.465
3.825,26.0,17.35,30.6,41.4775,80.89875
3.85,26.0,17.3,30.8,40.71,81.33125
3.875,26.0,17.25,31.0,39.9375,81.7625
3.9,26.0,17.2,31.2,39.16,82.1925
3.925,26.0,17.15,31.4,38.3775,82.62125
3.95,26.0,17.1,31.6,37.59,83.04875
3.975,26.0,17.05,31.8,36.7975,83.475
4.0,26.0,17.0,32.0,36.0,83.9
4.025,26.0,16.95,32.2,35.1975,84.32375
4.05,26.0,16.9,32.4,34.39,84.74625
4.075,26.0,16.85,32.6,33.5775,85.1675
4.1,26.0,16.8,32.8,32.76,85.5875
4.125,26.0,16.75,33.0,31.9375,86.00625
4.15,26.0,16.7,33.2,31.11,86.42375
4.175,26.0,16.65,33.4,30.2775,86.84
4.2,26.0,16.6,33.6,29.44,87.255
4.225,26.0,16.55,33.8,28.5975,87.66875
4.25,26.0,16.5,34.0,27.75,88.08125
4.275,26.0,16.45,34.2,26.8975,88.4925
4.3,26.0,16.4,34.4,26.04,88.9025
4.325,26.0,16.35,34.6,25.1775,89.31125
4.35,26.0,16.3,34.8,24.31,89.71875
4.375,26.0,16.25,35.0,23.4375,90.125
4.4,26.0,16.2,35.2,22.56,90.53
4.425,26.0,16.15,35.4,21.6775,90.93375
4.45,26.0,16.1,35.6,20.79,91.33625
4.475,26.0,16.05,35.8,19.8975,91.7375
4.5,26.0,16.0,36.0,19.0,92.1375
4.525,26.0,15.95,36.2,18.0975,92.53625
4.55,26.0,15.9,36.4,17.19,92.93375
4.575,26.0,15.85,36.6,16.2775,93.33
4.6,26.0,15.8,36.8,15.36,93.725
4.625,26.0,15.75,37.0,14.4375,94.11875
4.65,26.0,15.7,37.2,13.51,94.51125
4.675,26.0,15.65,37.4,12.5775,94.9025
4.7,26.0,15.6,37.6,11.64,95.2925
4.725,26.0,15.55,37.8,10.6975,95.68125
4.75,26.0,15.5,38.0,9.75,96.06875
4.775,26.0,15.45,38.2,8.7975,96.455
4.8,26.0,15.4,38.4,7.84,96.84
4.825,26.0,15.35,38.6,6.8775,97.22375
4.85,26.0,15.3,38.8,5.91,97.60625
4.875,26.0,15.25,39.0,4.9375,97.9875
4.9,26.0,15.2,39.2,3.96,98.3675
4.925,26.0,15.15,39.4,2.9775,98.74625
4.95,26.0,15.1,39.6,1.99,99.12375
4.975,26.0,15.05,39.8,0.9975,99.5
5.0,26.0,15.0,40.0,0.0,99.5
