time,BlockSpeed,Resultantforce,Distance,Extra info->,30.0,100.0,4.98
0.025,0.1245,498.0,0.003113
0.05,0.249,498.0,0.009338
0.075,0.3735,498.0,0.018676
0.1,0.498,498.0,0.031126
0.125,0.6225,498.0,0.046689
0.15,0.747,498.0,0.065364
0.175,0.8715,498.0,0.087152
0.2,0.996,498.0,0.112052
0.225,1.1205,498.0,0.140065
0.25,1.245,498.0,0.17119
0.275,1.3695,498.0,0.205428
0.3,1.494,498.0,0.242778
0.325,1.6185,498.0,0.283241
0.35,1.743,498.0,0.326816
0.375,1.8675,498.0,0.373503
0.4,1.992,498.0,0.423303
0.425,2.1165,498.0,0.476216
0.45,2.241,498.0,0.532241
0.475,2.3655,498.0,0.591378
0.5,2.49,498.0,0.653628
0.525,2.6145,498.0,0.71899
0.55,2.739,498.0,0.787465
0.575,2.8635,498.0,0.859052
0.6,2.988,498.0,0.933752
0.625,3.1125,498.0,1.011564
0.65,3.237,498.0,1.092489
0.675,3.3615,498.0,1.176527
0.7,3.486,498.0,1.263677
0.725,3.6105,498.0,1.353939
0.75,3.735,498.0,1.447314
0.775,3.8595,498.0,1.543802
0.8,3.984,498.0,1.643402
0.825,4.1085,498.0,1.746115
0.85,4.233,498.0,1.85194
0.875,4.3575,498.0,1.960877
0.9,4.482,498.0,2.072927
0.925,4.6065,498.0,2.188089
0.95,4.731,498.0,2.306364
0.975,4.8555,498.0,2.427751
1.0,4.98,498.0,2.552251
1.025,5.1045,498.0,2.679864
1.05,5.229,498.0,2.810589
1.075,5.3535,498.0,2.944426
1.1,5.478,498.0,3.081376
1.125,5.6025,498.0,3.221439
1.15,5.727,498.0,3.364614
1.175,5.8515,498.0,3.510902
1.2,5.976,498.0,3.660302
1.225,6.1005,498.0,3.812814
1.25,6.225,498.0,3.968439
1.275,6.3495,498.0,4.127177
1.3,6.474,498.0,4.289027
1.325,6.5985,498.0,4.453989
1.35,6.723,498.0,4.622064
1.375,6.8475,498.0,4.793252
1.4,6.972,498.0,4.967552
1.425,7.0965,498.0,5.144965
1.45,7.221,498.0,5.32549
1.475,7.3455,498.0,5.509127
1.5,7.47,498.0,5.695877
1.525,7.5945,498.0,5.88574
1.55,7.719,498.0,6.078715
1.575,7.8435,498.0,6.274802
1.6,7.968,498.0,6.474002
1.625,8.0925,498.0,6.676314
1.65,8.217,498.0,6.881739
1.675,8.3415,498.0,7.090276
1.7,8.466,498.0,7.301926
1.725,8.5905,498.0,7.516688
1.75,8.715,498.0,7.734563
1.775,8.8395,498.0,7.95555
1.8,8.964,498.0,8.17965
1.825,9.0885,498.0,8.406863
1.85,9.213,498.0,8.637188
1.875,9.3375,498.0,8.870626
1.9,9.462,498.0,9.107176
1.925,9.5865,498.0,9.346839
1.95,9.711,498.0,9.589614
1.975,9.8355,498.0,9.835501
2.0,9.96,498.0,10.084501
2.025,10.0845,498.0,10.336614
2.05,10.209,498.0,10.591839
2.075,10.3335,498.0,10.850176
2.1,10.458,498.0,11.111626
2.125,10.5825,498.0,11.376188
2.15,10.707,498.0,11.643863
2.175,10.8315,498.0,11.914651
2.2,10.956,498.0,12.188551
2.225,11.0805,498.0,12.465564
2.25,11.205,498.0,12.745689
2.275,11.3295,498.0,13.028927
2.3,11.454,498.0,13.315277
2.325,11.5785,498.0,13.60474
2.35,11.703,498.0,13.897315
2.375,11.8275,498.0,14.193003
2.4,11.952,498.0,14.491803
2.425,12.0765,498.0,14.793716
2.45,12.201,498.0,15.098741
2.475,12.3255,498.0,15.406879
2.5,12.45,498.0,15.718129
2.525,12.5745,498.0,16.032491
2.55,12.699,498.0,16.349966
2.575,12.8235,498.0,16.670553
2.6,12.948,498.0,16.994253
2.625,13.0725,498.0,17.321065
2.65,13.197,498.0,17.65099
2.675,13.3215,498.0,17.984027
2.7,13.446,498.0,18.320177
2.725,13.5705,498.0,18.65944
2.75,13.695,498.0,19.001815
2.775,13.8195,498.0,19.347303
2.8,13.944,498.0,19.695903
2.825,14.0685,498.0,20.047616
2.85,14.193,498.0,20.402441
2.875,14.3175,498.0,20.760378
2.9,14.442,498.0,21.121428
2.925,14.5665,498.0,21.485591
2.95,14.691,498.0,21.852866
2.975,14.8155,498.0,22.223253
3.0,14.94,498.0,22.596753
3.025,15.0645,498.0,22.973365
3.05,15.189,498.0,23.35309
3.075,15.3135,498.0,23.735928
3.1,15.438,498.0,24.121878
3.125,15.5625,498.0,24.510941
3.15,15.687,498.0,24.903116
3.175,15.8115,498.0,25.298403
3.2,15.936,498.0,25.696803
3.225,16.0605,498.0,26.098315
3.25,16.185,498.0,26.50294
3.275,16.3095,498.0,26.910677
3.3,16.434,498.0,27.321527
3.325,16.5585,498.0,27.735489
3.35,16.683,498.0,28.152564
3.375,16.8075,498.0,28.572752
3.4,16.932,498.0,28.996052
3.425,17.0565,498.0,29.422465
3.45,17.181,498.0,29.85199
3.475,17.3055,498.0,30.284627
3.5,17.43,498.0,30.720377
3.525,17.5545,498.0,31.159239
3.55,17.679,498.0,31.601214
3.575,17.8035,498.0,32.046301
3.6,17.928,498.0,32.494501
3.625,18.0525,498.0,32.945813
3.65,18.177,498.0,33.400238
3.675,18.3015,498.0,33.857776
3.7,18.426,498.0,34.318426
3.725,18.5505,498.0,34.782189
3.75,18.675,498.0,35.249064
3.775,18.7995,498.0,35.719051
3.8,18.924,498.0,36.192151
3.825,19.0485,498.0,36.668364
3.85,19.173,498.0,37.147689
3.875,19.2975,498.0,37.630127
3.9,19.422,498.0,38.115677
3.925,19.5465,498.0,38.604339
3.95,19.671,498.0,39.096114
3.975,19.7955,498.0,39.591001
4.0,19.92,498.0,40.089001
4.025,20.0445,498.0,40.590114
4.05,20.169,498.0,41.094339
4.075,20.2935,498.0,41.601676
4.1,20.418,498.0,42.112126
4.125,20.5425,498.0,42.625689
4.15,20.667,498.0,43.142364
4.175,20.7915,498.0,43.662152
4.2,20.916,498.0,44.185052
4.225,21.0405,498.0,44.711064
4.25,21.165,498.0,45.240189
4.275,21.2895,498.0,45.772427
4.3,21.414,498.0,46.307777
4.325,21.5385,498.0,46.84624
4.35,21.663,498.0,47.387815
4.375,21.7875,498.0,47.932503
4.4,21.912,498.0,48.480303
4.425,22.0365,498.0,49.031216
4.45,22.161,498.0,49.585241
4.475,22.2855,498.0,50.142379
4.5,22.41,498.0,50.702629
4.525,22.5345,498.0,51.265991
4.55,22.659,498.0,51.832466
4.575,22.7835,498.0,52.402053
4.6,22.908,498.0,52.974753
4.625,23.0325,498.0,53.550565
4.65,23.157,498.0,54.12949
4.675,23.2815,498.0,54.711527
4.7,23.406,498.0,55.296677
4.725,23.5305,498.0,55.88494
4.75,23.655,498.0,56.476315
4.775,23.7795,498.0,57.070802
4.8,23.904,498.0,57.668402
4.825,24.0285,498.0,58.269115
4.85,24.153,498.0,58.87294
4.875,24.2775,498.0,59.479878
4.9,24.402,498.0,60.089928
4.925,24.5265,498.0,60.703091
4.95,24.651,498.0,61.319366
4.975,24.7755,498.0,61.938754
5.0,24.9,498.0,62.561254
5.025,25.0245,498.0,63.186867
5.05,25.149,498.0,63.815592
5.075,25.2735,498.0,64.447429
5.1,25.398,498.0,65.082379
5.125,25.5225,498.0,65.720442
5.15,25.647,498.0,66.361617
5.175,25.7715,498.0,67.005904
5.2,25.896,498.0,67.653304
5.225,26.0205,498.0,68.303817
5.25,26.145,498.0,68.957442
5.275,26.2695,498.0,69.61418
5.3,26.394,498.0,70.27403
5.325,26.5185,498.0,70.936993
5.35,26.643,498.0,71.603068
5.375,26.7675,498.0,72.272255
5.4,26.892,498.0,72.944555
5.425,27.0165,498.0,73.619967
5.45,27.141,498.0,74.298492
5.475,27.2655,498.0,74.980129
5.5,27.39,498.0,75.664879
5.525,27.5145,498.0,76.352741
5.55,27.639,498.0,77.043716
5.575,27.7635,498.0,77.737803
5.6,27.888,498.0,78.435003
5.625,28.0125,498.0,79.135315
5.65,28.137,498.0,79.83874
5.675,28.2615,498.0,80.545277
5.7,28.386,498.0,81.254927
5.725,28.5105,498.0,81.967689
5.75,28.635,498.0,82.683564
5.775,28.7595,498.0,83.402552
5.8,28.884,498.0,84.124652
5.825,29.0085,498.0,84.849864
5.85,29.133,498.0,85.578189
5.875,29.2575,498.0,86.309626
5.9,29.382,498.0,87.044176
5.925,29.5065,498.0,87.781838
5.95,29.631,498.0,88.522613
5.975,29.7555,498.0,89.266501
6.0,29.88,498.0,90.013501
6.025,30.0045,498.0,90.763614
6.05,30.129,498.0,91.516839
6.075,30.2535,498.0,92.273177
6.1,30.378,498.0,93.032627
6.125,30.5025,498.0,93.79519
6.15,30.627,498.0,94.560865
6.175,30.7515,498.0,95.329653
6.2,30.876,498.0,96.101553
6.225,31.0005,498.0,96.876565
6.25,31.125,498.0,97.65469
6.275,31.2495,498.0,98.435928
6.3,31.374,498.0,99.220278
6.325,31.4985,498.0,100.00774
6.35,31.623,498.0,100.798315
6.375,31.7475,498.0,101.592003
6.4,31.872,498.0,102.388803
6.425,31.9965,498.0,103.188716
6.45,32.121,498.0,103.991741
6.475,32.2455,498.0,104.797879
6.5,32.37,498.0,105.607129
6.525,32.4945,498.0,106.419492
6.55,32.619,498.0,107.234967
6.575,32.7435,498.0,108.053555
6.6,32.868,498.0,108.875255
6.625,32.9925,498.0,109.700067
6.65,33.117,498.0,110.527992
6.675,33.2415,498.0,111.359029
6.7,33.366,498.0,112.193179
6.725,33.4905,498.0,113.030441
6.75,33.615,498.0,113.870816
6.775,33.7395,498.0,114.714303
6.8,33.864,498.0,115.560903
6.825,33.9885,498.0,116.410615
6.85,34.113,498.0,117.26344
6.875,34.2375,498.0,118.119377
6.9,34.362,498.0,118.978427
6.925,34.4865,498.0,119.840589
6.95,34.611,498.0,120.705864
6.975,34.7355,498.0,121.574252
7.0,34.86,498.0,122.445752
7.025,34.9845,498.0,123.320364
7.05,35.109,498.0,124.198089
7.075,35.2335,498.0,125.078926
7.1,35.358,498.0,125.962876
7.125,35.4825,498.0,126.849938
7.15,35.607,498.0,127.740113
7.175,35.7315,498.0,128.6334
7.2,35.856,498.0,129.5298
7.225,35.9805,498.0,130.429312
7.25,36.105,498.0,131.331937
7.275,36.2295,498.0,132.237674
7.3,36.354,498.0,133.146524
7.325,36.4785,498.0,134.058486
7.35,36.603,498.0,134.973561
7.375,36.7275,498.0,135.891748
7.4,36.852,498.0,136.813048
7.425,36.9765,498.0,137.73746
7.45,37.101,498.0,138.664985
7.475,37.2255,498.0,139.595622
7.5,37.35,498.0,140.529372
7.525,37.4745,498.0,141.466234
7.55,37.599,498.0,142.406209
7.575,37.7235,498.0,143.349296
7.6,37.848,498.0,144.295496
7.625,37.9725,498.0,145.244809
7.65,38.097,498.0,146.197234
7.675,38.2215,498.0,147.152772
7.7,38.346,498.0,148.111422
7.725,38.4705,498.0,149.073184
7.75,38.595,498.0,150.038059
7.775,38.7195,498.0,151.006046
7.8,38.844,498.0,151.977146
7.825,38.9685,498.0,152.951358
7.85,39.093,498.0,153.928683
7.875,39.2175,498.0,154.909121
7.9,39.342,498.0,155.892671
7.925,39.4665,498.0,156.879334
7.95,39.591,498.0,157.869109
7.975,39.7155,498.0,158.861997
8.0,39.84,498.0,159.857997
8.025,39.9645,498.0,160.85711
8.05,40.089,498.0,161.859335
8.075,40.2135,498.0,162.864672
8.1,40.338,498.0,163.873122
8.125,40.4625,498.0,164.884684
8.15,40.587,498.0,165.899359
8.175,40.7115,498.0,166.917147
8.2,40.836,498.0,167.938047
8.225,40.9605,498.0,168.96206
8.25,41.085,498.0,169.989185
8.275,41.2095,498.0,171.019422
8.3,41.334,498.0,172.052772
8.325,41.4585,498.0,173.089235
8.35,41.583,498.0,174.12881
8.375,41.7075,498.0,175.171497
8.4,41.832,498.0,176.217297
8.425,41.9565,498.0,177.26621
8.45,42.081,498.0,178.318235
8.475,42.2055,498.0,179.373372
8.5,42.33,498.0,180.431622
8.525,42.4545,498.0,181.492985
8.55,42.579,498.0,182.55746
8.575,42.7035,498.0,183.625047
8.6,42.828,498.0,184.695747
8.625,42.9525,498.0,185.76956
8.65,43.077,498.0,186.846485
8.675,43.2015,498.0,187.926523
8.7,43.326,498.0,189.009673
8.725,43.4505,498.0,190.095935
8.75,43.575,498.0,191.18531
8.775,43.6995,498.0,192.277797
8.8,43.824,498.0,193.373397
8.825,43.9485,498.0,194.47211
8.85,44.073,498.0,195.573935
8.875,44.1975,498.0,196.678873
8.9,44.322,498.0,197.786923
8.925,44.4465,498.0,198.898086
8.95,44.571,498.0,200.012361
8.975,44.6955,498.0,201.129749
9.0,44.82,498.0,202.250249
9.025,44.9445,498.0,203.373862
9.05,45.069,498.0,204.500587
9.075,45.1935,498.0,205.630425
9.1,45.318,498.0,206.763375
9.125,45.4425,498.0,207.899438
9.15,45.567,498.0,209.038613
9.175,45.6915,498.0,210.180901
9.2,45.816,498.0,211.326301
9.225,45.9405,498.0,212.474814
9.25,46.065,498.0,213.626439
9.275,46.1895,498.0,214.781177
9.3,46.314,498.0,215.939027
9.325,46.4385,498.0,217.09999
9.35,46.563,498.0,218.264065
9.375,46.6875,498.0,219.431252
9.4,46.812,498.0,220.601552
9.425,46.9365,498.0,221.774965
9.45,47.061,498.0,222.95149
9.475,47.1855,498.0,224.131128
9.5,47.31,498.0,225.313878
9.525,47.4345,498.0,226.499741
9.55,47.559,498.0,227.688716
9.575,47.6835,498.0,228.880804
9.6,47.808,498.0,230.076004
9.625,47.9325,498.0,231.274316
9.65,48.057,498.0,232.475741
9.675,48.1815,498.0,233.680278
9.7,48.306,498.0,234.887928
9.725,48.4305,498.0,236.09869
9.75,48.555,498.0,237.312565
9.775,48.6795,498.0,238.529552
9.8,48.804,498.0,239.749652
9.825,48.9285,498.0,240.972864
9.85,49.053,498.0,242.199189
9.875,49.1775,498.0,243.428626
9.9,49.302,498.0,244.661176
9.925,49.4265,498.0,245.896839
9.95,49.551,498.0,247.135614
9.975,49.6755,498.0,248.377501
10.0,49.8,498.0,249.622501
10.025,49.9245,498.0,250.870613
10.05,50.049,498.0,252.121838
10.075,50.1735,498.0,253.376175
10.1,50.298,498.0,254.633625
10.125,50.4225,498.0,255.894187
10.15,50.547,498.0,257.157862
10.175,50.6715,498.0,258.42465
10.2,50.796,498.0,259.69455
10.225,50.9205,498.0,260.967562
10.25,51.045,498.0,262.243687
10.275,51.1695,498.0,263.522925
10.3,51.294,498.0,264.805275
10.325,51.4185,498.0,266.090737
10.35,51.543,498.0,267.379312
10.375,51.6675,498.0,268.671
10.4,51.792,498.0,269.9658
10.425,51.9165,498.0,271.263712
10.45,52.041,498.0,272.564737
10.475,52.1655,498.0,273.868875
10.5,52.29,498.0,275.176125
10.525,52.4145,498.0,276.486488
10.55,52.539,498.0,277.799963
10.575,52.6635,498.0,279.116551
10.6,52.788,498.0,280.436251
10.625,52.9125,498.0,281.759064
10.65,53.037,498.0,283.084989
10.675,53.1615,498.0,284.414027
10.7,53.286,498.0,285.746177
10.725,53.4105,498.0,287.081439
10.75,53.535,498.0,288.419814
10.775,53.6595,498.0,289.761302
10.8,53.784,498.0,291.105902
10.825,53.9085,498.0,292.453615
10.85,54.033,498.0,293.80444
10.875,54.1575,498.0,295.158377
10.9,54.282,498.0,296.515427
10.925,54.4065,498.0,297.875589
10.95,54.531,498.0,299.238864
10.975,54.6555,498.0,300.605251
